123 11111111111 70.00
123 22222222222 70.00
123 33333333333 70.00
522 10101010101 50.00
522 12121212121 55.00
771 12345678900 108.00
123 44444444444 70.00
123 55555555555 77.00
522 12312312312 60.00
219 55555555555 90.00
522 77777777777 65.00
771 55555555555 118.80
522 88888888888 70.00
123 66666666666 77.00
369 25763619503 31.00
963 25763619509 32.00
456 25763619503 97.00
965 25763619501 31.00
321 25763619501 23.00
555 12365478911 55.00
771 25763619501 31.00
771 25763619501 33.00
771 25763619501 99.00
771 1236547890 12.00
771 12365474120 21.00
771 25763619501 30.00
771 12345678996 52.00
771 12345678960 56.00
123 25763619505 10.00
